_2RXS,RAJ2000,DEJ2000,SrcFlux,ALLWISE,W1mag,W2mag,W3mag,W4mag,SepW-2RXS,MatchFlag,_1RXS,_2MASS,Jmag,Hmag,Kmag,Gaia,pmRA,pmDE,__Gmag_
b'2RXS J201344.9-874927',303.4375,-87.82428,1.1012e-12,b'J201346.48-874924.0',7.102,7.125,7.116,7.042,3.5022368,1,b'',1126869816.0,7.452,7.207,7.127,6341580579039201280,77.959,-121.076,8
b'2RXS J050349.8-793022',75.95766,-79.50628,1.4443e-12,b'J050349.85-793022.3',7.906,7.956,7.909,7.778,0.23439479,1,b'J050349.6-793024',704186106.0,8.404,8.088,7.983,4624077445753473024,90.679,174.371,9
b'2RXS J212123.9-665456',320.34975,-66.91571,9.6731e-12,b'J212124.66-665458.4',6.329,6.281,6.335,6.206,4.695739,1,b'J212124.3-665455',1094966000.0,7.027,6.503,6.4,6400161699571296256,95.656,-101.201,8
b'2RXS J172013.0-700245',260.05448,-70.04607,1.978e-11,b'J172012.58-700245.4',5.056,4.898,5.043,5.021,2.519795,1,b'J172012.8-700246',1022424154.0,5.44,5.131,5.042,5811053230657861632,-46.983,-197.716,6
b'2RXS J171746.9-693425',259.44556,-69.57387,2.0035e-12,b'J171747.08-693423.8',8.512,8.516,8.455,8.324,2.2566674,1,b'J171746.7-693426',1022380482.0,8.901,8.664,8.582,5811103808189805568,-28.76,-109.957,9
b'2RXS J171725.5-665702',259.35639,-66.95081,1.7391e-10,b'J171725.48-665705.0',4.652,4.422,4.602,4.514,2.1158895,1,b'J171725.5-665707',1022354570.0,5.288,4.907,4.702,5811866422581688320,-21.487,-137.247,6
b'2RXS J015936.1-652651',29.90074,-65.44764,1.4401e-12,b'J015936.00-652652.6',6.299,6.195,6.326,6.196,1.5644586,1,b'J015936.9-652656',1101365335.0,6.521,6.379,6.321,4699102140637906944,117.33,71.043,7
b'2RXS J065000.8-601458',102.50368,-60.24958,4.9223e-12,b'J065001.03-601455.8',5.003,4.794,5.053,4.99,2.8802505,1,b'J065000.0-601459',191943924.0,5.305,5.128,5.02,5480006188089954304,4.872,108.568,5
b'2RXS J054513.3-595527',86.30567,-59.92433,2.0429e-11,b'J054513.36-595524.3',6.951,6.939,6.89,6.81,3.2354624,1,b'J054513.2-595527',741060870.0,7.607,7.156,7.026,4759113210404644864,-20.737,121.395,8
b'2RXS J025153.5-613704',42.97317,-61.61798,1.6873e-11,b'J025153.18-613703.2',6.476,6.393,6.426,6.373,3.0802622,1,b'J025153.5-613704',666402165.0,7.102,6.651,6.508,4724849610584158208,145.545,130.284,8
b'2RXS J204909.4-484612',312.28932,-48.77001,2.5451e-12,b'J204909.70-484610.9',6.701,6.684,6.722,6.667,2.849487,1,b'J204909.4-484612',545450286.0,7.03,6.8,6.739,6481166019728413696,87.095,-129.54,7
b'2RXS J200724.0-514729',301.8501,-51.79152,1.3976e-11,b'J200723.87-514728.7',7.231,7.256,7.19,7.187,1.5729868,1,b'J200724.0-514728',546167840.0,8.158,7.565,7.388,6666178676667308032,87.748,-143.632,9
b'2RXS J183828.7-524917',279.6196,-52.82161,1.0883e-11,b'J183828.28-524915.2',6.728,6.72,6.681,6.556,4.5862503,1,b'J183828.7-524917',639503075.0,7.484,6.95,6.784,6654293333929439232,22.071,-270.626,9
b'2RXS J063711.2-500218',99.29699,-50.03836,1.3165e-12,b'J063711.42-500218.3',5.66,5.458,5.539,5.464,1.3953731,1,b'J063711.2-500220',700283662.0,6.61,5.977,5.769,5550862874912087040,158.672,9.48,8
b'2RXS J060446.7-482730',91.19495,-48.45838,8.4963e-11,b'J060446.66-482730.6',4.817,4.566,4.73,4.725,1.2690703,1,b'J060446.6-482728',660427138.0,5.345,4.971,4.82,5554191680725392384,-103.224,-22.009,6
b'2RXS J032123.5-525115',50.34828,-52.85435,7.4012e-13,b'J032124.00-525117.0',6.705,6.704,6.736,6.762,4.0130424,1,b'J032123.6-525116',640775985.0,7.157,6.863,6.752,4734408524158203904,123.017,131.076,8
b'2RXS J012808.8-523824',22.03683,-52.64009,9.7186e-12,b'J012808.80-523819.6',6.783,6.809,6.757,6.667,4.6884656,1,b'J012808.8-523824',614656587.0,7.405,6.944,6.834,4916062035639628800,106.317,-43.086,8
b'2RXS J013232.8-493138',23.13679,-49.5273,1.0072e-11,b'J013233.08-493141.6',6.227,6.118,6.168,6.139,4.1913633,1,b'J013232.8-493138',647629459.0,6.577,6.288,6.181,4929395125953508352,151.621,-54.06,7
b'2RXS J044539.1-435353',71.41309,-43.89818,1.3577e-12,b'J044539.22-435349.5',6.508,6.502,6.494,6.388,4.032352,1,b'J044539.2-435354',640139661.0,7.092,6.648,6.538,4814461079558759424,139.705,21.264,8
b'2RXS J215004.9-383656',327.52056,-38.61559,1.2863e-12,b'J215005.12-383654.9',6.088,5.994,6.071,6.002,2.4774127,1,b'J215004.4-383657',634693884.0,6.41,6.165,6.098,6585158207436506112,138.867,-176.692,7
b'2RXS J135155.7-363727',207.98217,-36.62428,7.0628e-12,b'J135155.63-363725.4',6.82,6.806,6.829,6.622,2.1836603,1,b'J135155.7-363726',374527637.0,7.336,7.032,6.923,6115779511037701120,-121.835,-63.499,8
b'2RXS J023824.8-375923',39.60342,-37.98986,1.6053e-12,b'J023824.93-375926.5',5.165,5.008,5.216,5.158,3.3632684,1,b'J023824.9-375925',538013889.0,5.528,5.292,5.192,4953450413144797184,114.96,-62.395,6
b'2RXS J015522.6-384617',28.84445,-38.77163,3.4457e-12,b'J015522.90-384619.7',8.0,7.953,7.874,7.666,3.366927,1,b'J015522.7-384615',580021270.0,8.854,8.271,8.102,4961593293181299712,143.355,91.341,10
b'2RXS J020118.7-370458',30.32798,-37.08278,1.6052e-12,b'J020118.91-370453.6',7.978,8.011,7.917,7.73,4.917362,1,b'J020118.8-370457',737652401.0,8.428,8.062,7.949,4967812680703705088,193.808,-146.898,9
b'2RXS J133419.0-363127',203.57941,-36.52436,1.2904e-12,b'J133418.78-363125.3',6.835,6.934,6.902,6.836,4.0627527,1,b'J133419.0-363125',373995169.0,7.553,7.033,6.959,6164379780412419072,-193.168,3.622,8
b'2RXS J111501.9-331904',168.75826,-33.3178,6.6469e-12,b'J111502.27-331903.1',5.988,5.911,6.041,5.983,3.786665,1,b'J111502.0-331905',916450537.0,6.255,6.114,6.068,5402602150042113024,-142.932,55.06,6
b'2RXS J102204.4-323322',155.51861,-32.55633,1.4873e-11,b'J102204.37-323327.1',6.979,7.096,7.022,6.877,4.565305,1,b'J102204.4-323324',333450778.0,7.912,7.385,7.204,5448626572909752320,-119.497,-21.855,9
b'2RXS J094524.1-324059',146.35059,-32.68323,2.2132e-12,b'J094524.15-324058.1',5.831,5.647,5.804,5.794,1.4636774,1,b'J094524.4-324059',404082069.0,6.072,5.888,5.831,5439787633296179200,-135.839,-26.048,6
b'2RXS J004753.1-324524',11.97162,-32.75681,5.8799e-12,b'J004752.97-324520.7',7.783,7.808,7.749,7.669,4.65572,1,b'J004753.2-324524',1178210836.0,8.632,8.063,7.899,5006701170027162624,246.877,-11.944,10
b'2RXS J211402.0-293950',318.50873,-29.66391,5.1512e-12,b'J211401.99-293949.0',5.709,5.647,5.743,5.72,1.5977094,1,b'J211402.1-293949',1313708740.0,6.141,5.871,5.729,6787895129257545728,232.778,-36.99,7
b'2RXS J105146.0-293909',162.94207,-29.65266,1.5863e-12,b'J105146.18-293909.1',6.597,6.57,6.637,6.551,1.1646229,1,b'J105146.1-293909',293370622.0,6.963,6.735,6.662,5456133660347625472,-110.214,-36.45,7
b'2RXS J035247.7-292611',58.19915,-29.43642,9.3837e-13,b'J035248.15-292611.1',7.937,7.986,7.937,7.603,4.7424445,1,b'J035247.7-292607',154963628.0,8.59,8.179,8.076,4887997929052183552,125.498,-7.227,9
b'2RXS J011240.6-291043',18.16921,-29.17879,9.6479e-12,b'J011240.63-291046.7',6.471,6.461,6.488,6.402,3.0773497,1,b'J011240.6-291041',108210432.0,7.183,6.681,6.521,5029927425451496448,133.357,-20.162,8
b'2RXS J221102.5-211401',332.76063,-21.23374,2.2541e-12,b'J221102.48-211358.3',4.799,4.615,4.872,4.792,3.2098901,1,b'J221102.5-211403',61381873.0,5.199,4.968,4.823,6819531720920925184,119.186,-42.334,5
b'2RXS J192240.0-203836',290.66685,-20.64336,4.5044e-11,b'J192240.30-203835.3',4.055,3.799,4.005,3.945,3.694708,1,b'J192240.0-203840',5379128.0,4.847,4.187,4.125,4082719804765819904,7.094,-104.662,6
b'2RXS J141719.9-234336',214.33298,-23.72687,2.5232e-12,b'J141720.26-234336.3',8.379,8.409,8.336,7.905,4.8751073,1,b'J141719.9-234336',319674870.0,9.012,8.562,8.472,6275925166329436160,-143.917,-46.704,10
b'2RXS J133750.4-240738',204.46037,-24.12725,1.9597e-12,b'J133750.30-240741.0',7.345,7.423,7.413,7.139,3.9350429,1,b'J133750.4-240738',321988380.0,7.906,7.541,7.442,6191602142127787008,-100.569,48.182,9
b'2RXS J130839.5-234922',197.16459,-23.82279,1.1253e-12,b'J130839.77-234919.3',6.335,6.263,6.368,6.292,4.608034,1,b'J130839.5-234922',1268802849.0,6.617,6.402,6.324,3503867099267815936,-119.109,2.843,7
b'2RXS J093633.6-244210',144.1403,-24.7029,1.5533e-12,b'J093633.55-244209.6',5.494,5.266,5.57,5.57,1.8077528,1,b'J093633.6-244210',295086935.0,5.758,5.593,5.566,5661903791151953920,-123.906,56.723,6
b'2RXS J222613.6-191122',336.55701,-19.18952,8.2462e-13,b'J222613.69-191118.5',6.415,6.402,6.44,6.159,3.6836112,1,b'',28478402.0,7.19,6.62,6.476,6821533106961669120,234.977,-24.953,8
b'2RXS J200132.9-165208',300.38723,-16.86889,8.0118e-13,b'J200132.90-165209.1',5.798,5.752,5.856,5.803,1.2698175,1,b'',50901248.0,6.182,5.883,5.843,6871005632654183424,147.013,-75.964,7
b'2RXS J114642.4-192808',176.67705,-19.46895,9.798e-13,b'J114642.26-192811.2',6.738,6.734,6.769,6.749,4.3843217,1,b'J114642.5-192807',417199446.0,7.135,6.868,6.815,3543404163014331392,-136.1,-7.97,7
b'2RXS J024751.7-153039',41.96569,-15.51086,7.4012e-13,b'J024752.00-153041.6',9.711,9.733,9.614,8.703,4.2819614,1,b'J024758.8-153120',12771668.0,10.417,9.904,9.781,5157062477502242816,-6.255,-103.918,11
b'2RXS J233231.1-121551',353.12977,-12.26434,1.0906e-11,b'J233230.96-121552.2',6.505,6.372,6.386,6.206,2.7855628,1,b'J233231.1-121551',1278668660.0,7.45,6.769,6.569,2433191881917181952,139.427,-81.222,9
b'2RXS J165005.0-122315',252.52107,-12.38756,6.749e-12,b'J165005.11-122315.9',6.439,6.418,6.472,6.386,1.051658,1,b'J165005.1-122315',1257632766.0,6.816,6.599,6.48,4333742707425287168,-72.853,-105.77,7
b'2RXS J134810.0-104716',207.04193,-10.78793,1.6768e-12,b'J134809.87-104719.5',6.385,6.342,6.415,6.417,4.093449,1,b'J134810.0-104718',292602921.0,6.897,6.562,6.43,3613948382374003712,-256.645,-5.166,8
b'2RXS J123004.6-132334',187.51938,-13.39292,1.4016e-11,b'J123004.59-132335.4',4.812,4.31,4.804,4.77,1.2346818,1,b'J123004.7-132334',1219227664.0,5.238,4.932,4.832,3528362362908431360,-264.501,-50.34,6
b'2RXS J093225.6-111102',143.10673,-11.18412,6.8895e-11,b'J093225.40-111104.3',5.378,5.224,5.373,5.278,3.4770596,1,b'J093225.5-111101',229544090.0,6.075,5.596,5.449,5739942006889651200,-247.996,34.243,7
b'2RXS J204859.5-064452',312.2483,-6.74805,1.1547e-11,b'J204859.60-064456.1',7.157,7.215,7.166,7.218,3.2190073,1,b'J204859.5-064453',134511733.0,7.879,7.403,7.27,6913055149187492864,17.629,-148.715,9
b'2RXS J195805.9-040310',299.52483,-4.05288,6.0638e-12,b'J195805.75-040309.9',7.927,7.949,7.919,7.711,3.019902,1,b'J195805.9-040310',99909899.0,8.582,8.108,8.026,4221528646639909376,-121.326,-10.712,9
b'2RXS J140350.1-041447',210.95884,-4.24651,1.15e-12,b'J140350.20-041448.5',8.351,8.371,8.336,8.049,1.6189457,1,b'J140350.2-041447',259535328.0,8.799,8.44,8.38,3645134861464934400,-120.653,-31.186,9
b'2RXS J001410.1-071159',3.54231,-7.19992,5.998e-12,b'J001410.33-071157.5',6.077,5.955,6.092,6.017,3.4610445,1,b'J001410.1-071200',1178753026.0,6.402,6.17,6.073,2431157716685689856,103.307,-66.09,7
b'2RXS J211702.4-010438',319.26017,-1.07727,1.6946e-12,b'J211702.24-010438.9',6.428,6.346,6.435,6.364,3.0304828,1,b'J211702.5-010439',91643319.0,6.83,6.52,6.43,2689215226029216768,160.693,-24.213,7
b'2RXS J164128.7+011847',250.36973,1.31327,2.0269e-12,b'J164128.98+011846.0',7.146,7.208,7.151,7.222,4.170485,1,b'J164129.6+011902',1010702575.0,7.785,7.372,7.27,4384116076738763776,-133.462,-138.043,9
b'2RXS J155233.7-015423',238.14054,-1.9064,2.5251e-12,b'J155233.67-015422.6',6.332,6.283,6.334,6.232,0.9363944,1,b'J155234.0-015421',293478734.0,6.708,6.428,6.324,4403292246725472256,-115.013,10.801,7
b'2RXS J154809.4+013419',237.03947,1.57214,7.254e-12,b'J154809.33+013416.7',5.4,5.302,5.516,5.44,3.5643919,1,b'J154809.4+013419',1006498059.0,5.991,5.61,5.501,4422809711985931264,-175.976,-166.155,7
b'2RXS J160704.3+023822',241.76828,2.63965,6.3708e-12,b'J160704.17+023825.0',7.14,7.161,7.14,6.91,3.8914974,1,b'J160704.4+023823',987081303.0,7.798,7.336,7.208,4412984750956990976,-143.497,64.436,9
b'2RXS J084442.3+004418',131.17639,0.73838,9.4034e-12,b'J084442.06+004415.7',7.446,7.508,7.462,7.389,4.6916075,1,b'J084442.4+004419',838372375.0,8.314,7.752,7.596,3075319832317716480,-106.38,-5.647,9
b'2RXS J053344.7+015643',83.43644,1.94531,2.966e-11,b'J053344.63+015641.8',6.738,6.58,6.528,6.451,2.0399423,1,b'J053344.4+015644',664906834.0,7.764,7.147,6.855,3223516063958808064,-231.966,-154.103,10
b'2RXS J225621.1+054909',344.088,5.8194,7.4182e-13,b'J225620.80+054910.8',7.311,7.409,7.394,7.326,4.7608366,1,b'J225621.4+054911',1123244699.0,7.837,7.513,7.444,2711347810980089856,143.528,-5.713,8
b'2RXS J211334.6+041403',318.39443,4.23437,5.7722e-12,b'J211334.47+041402.7',7.851,7.883,7.811,7.814,3.001917,1,b'J211334.9+041404',1069748521.0,8.699,8.099,7.91,1732107430840096512,-105.152,-78.164,10
b'2RXS J201311.1+025624',303.2963,2.94012,1.933e-12,b'J201311.09+025620.4',7.173,7.285,7.226,7.165,4.030595,1,b'J201311.2+025624',1084487706.0,8.018,7.465,7.291,4244170133674710528,106.478,19.598,9
b'2RXS J105630.9+072316',164.12893,7.38803,3.5571e-12,b'J105630.63+072317.7',5.191,5.047,5.22,5.167,4.7093773,1,b'J105630.6+072314',845736355.0,5.739,5.348,5.199,3865002243166599680,-256.853,-77.408,7
b'2RXS J100013.3+061500',150.05556,6.25017,6.1e-13,b'J100013.08+061502.4',6.494,6.428,6.544,6.515,4.155291,1,b'J100013.7+061459',855400573.0,6.773,6.592,6.506,3850272257687898112,-112.531,15.688,7
b'2RXS J021157.9+042142',32.9913,4.3619,5.7458e-12,b'J021157.87+042140.9',6.955,7.02,6.992,6.897,1.9717526,1,b'J021157.5+042150',1107844757.0,7.75,7.158,7.035,2518222098255203328,-144.423,-78.941,9
b'2RXS J225236.2+101309',343.15122,10.2194,8.9511e-12,b'J225236.29+101312.3',5.894,5.801,5.877,5.826,2.5276716,1,b'J225236.4+101307',1127094034.0,6.321,6.09,5.986,2717981130270712320,166.61,-91.272,7
b'2RXS J140503.7+100053',211.26563,10.01486,1.3026e-11,b'J140503.58+100049.3',6.496,6.494,6.491,6.338,4.7976937,1,b'J140503.9+100055',976771286.0,7.104,6.651,6.549,3723951153478766592,-187.602,43.74,8
b'2RXS J113249.2+121027',173.2053,12.1743,2.6757e-11,b'J113249.34+121024.9',7.274,7.368,7.338,7.394,2.7619588,1,b'J113249.2+121022',620411674.0,7.854,7.46,7.394,3917248974134197248,-109.176,0.629,9
b'2RXS J093035.9+103606',142.64987,10.60189,2.1821e-11,b'J093035.67+103605.9',6.088,6.331,6.403,6.179,4.4214225,1,b'J093036.5+103603',946838336.0,7.104,6.688,6.551,589720965613854208,-199.66,-12.369,8
b'2RXS J080015.4+134748',120.06432,13.79692,5.7496e-13,b'J080015.53+134746.7',7.187,7.329,7.271,7.374,2.6393902,1,b'',112751465.0,8.024,7.474,7.336,654193475608653568,-54.175,-108.828,9
b'2RXS J043225.9+130648',68.108,13.11348,1.2391e-11,b'J043225.72+130647.4',7.554,7.523,7.433,7.393,2.9958775,1,b'J043225.9+130648',84503183.0,8.423,7.791,7.654,3307504218151520256,104.594,-18.434,10
b'2RXS J042052.9+135155',65.22047,13.86553,7.6215e-12,b'J042052.79+135151.8',5.08,4.921,5.102,5.039,4.345036,1,b'J042052.8+135155',1282755202.0,5.286,5.155,5.062,3310615561179780608,106.063,-14.605,6
b'2RXS J035940.4+101948',59.91855,10.33008,5.5449e-12,b'J035940.59+101949.4',5.354,5.201,5.367,5.295,2.451682,1,b'J035940.5+101946',1122575764.0,5.565,5.391,5.323,3302220274506270208,139.308,-4.864,6
b'2RXS J205710.2+193855',314.29289,19.6488,3.5262e-12,b'J205710.39+193900.1',7.265,7.336,7.33,7.276,4.7226653,1,b'J205710.3+193855',1105462502.0,7.605,7.358,7.297,1813514756363926528,144.421,84.449,8
b'2RXS J130038.5+182224',195.16055,18.37356,1.6326e-12,b'J130038.53+182223.5',5.082,4.914,5.127,5.029,1.2472212,1,b'J130038.5+182220',577233157.0,5.347,5.153,5.104,3940855694940980224,-235.372,59.261,6
b'2RXS J125303.4+193617',193.26433,19.60495,2.0856e-12,b'J125303.77+193618.0',6.416,6.381,6.483,6.385,4.734375,1,b'J125303.4+193618',880801789.0,6.727,6.539,6.483,3942026743543499776,-105.111,-10.364,7
b'2RXS J041042.4+182520',62.67681,18.42227,3.4547e-12,b'J041042.44+182523.3',5.593,5.424,5.607,5.528,3.1601927,1,b'J041042.4+182519',110872861.0,5.795,5.625,5.572,46975431705914112,121.502,-30.925,6
b'2RXS J024727.2+192217',41.86369,19.37166,1.2492e-11,b'J024727.42+192217.9',5.187,5.085,5.314,5.333,1.9225957,1,b'J024727.2+192224',89294963.0,5.868,5.564,5.517,84625630418741760,117.531,-158.877,7
b'2RXS J164502.8+210717',251.26172,21.12151,4.103e-13,b'J164502.86+210717.7',7.479,7.533,7.48,7.246,0.8271001,1,b'',1335724778.0,8.237,7.689,7.579,4564094688412209152,-152.282,11.689,9
b'2RXS J110202.3+223547',165.50999,22.59643,1.3346e-11,b'J110202.16+223545.5',6.606,6.614,6.629,6.448,3.633227,1,b'J110202.4+223546',159635105.0,7.244,6.816,6.705,3994771278400813056,-141.019,3.792,8
b'2RXS J072343.7+202459',110.9322,20.41641,1.1442e-11,b'J072343.54+202456.2',6.807,6.785,6.752,6.567,3.791272,1,b'J072343.6+202500',621377136.0,7.643,7.032,6.879,3363049071685180928,-66.807,-229.659,9
b'2RXS J042618.8+212813',66.57852,21.47033,2.7194e-12,b'J042618.56+212813.0',5.898,5.912,6.093,5.987,3.8556607,1,b'J042618.9+212813',111794406.0,6.342,6.15,6.073,145293177350363264,103.537,-37.869,7
b'2RXS J042414.5+214412',66.06047,21.7367,8.9455e-12,b'J042414.65+214410.0',5.914,5.828,5.91,5.859,2.8302076,1,b'J042414.6+214412',111746060.0,6.148,5.946,5.871,145373372976256512,117.373,-45.796,6
b'2RXS J043851.3+230859',69.71411,23.14979,6.005e-12,b'J043851.36+230859.3',6.159,6.074,6.183,6.195,0.32271662,1,b'J043851.4+230900',350618387.0,6.454,6.198,6.162,146677874804442240,105.493,-54.193,7
b'2RXS J013725.2+250959',24.35513,25.16659,2.775e-12,b'J013724.93+251001.8',4.809,4.702,4.868,4.829,4.530791,1,b'J013725.2+251000',930503857.0,5.38,4.995,4.862,292069733317365504,-212.142,-207.696,6
b'2RXS J165107.2+283600',252.78013,28.60025,2.6274e-12,b'J165107.27+283602.3',7.554,7.64,7.524,7.431,1.5439135,1,b'J165107.2+283601',701928192.0,8.642,7.987,7.809,1308058059800582144,-21.022,118.108,10
b'2RXS J155843.7+253405',239.68236,25.56806,2.0021e-11,b'J155843.88+253409.0',5.609,5.442,5.552,5.446,4.4092345,1,b'J155843.8+253405',701865406.0,6.323,5.789,5.654,1220073283920434688,-77.473,-118.423,7
b'2RXS J103310.0+304517',158.29195,30.75475,8.5281e-13,b'J103309.72+304515.5',6.712,6.727,6.781,6.708,4.693347,1,b'J103310.0+304519',464508769.0,7.093,6.835,6.767,735729272195044736,6.685,-100.429,8
b'2RXS J080657.4+253204',121.73944,25.53472,2.997e-12,b'J080657.37+253200.6',7.098,7.173,7.121,7.097,4.484446,1,b'J080657.4+253204',158675131.0,7.848,7.361,7.21,681883370283616640,-81.728,-122.327,9
b'2RXS J013723.0+265710',24.34625,26.95286,9.7134e-12,b'J013723.32+265710.7',7.515,7.557,7.481,7.599,3.0196815,1,b'J013723.4+265709',930506988.0,8.429,7.784,7.642,295713102534550272,117.99,-127.985,10
b'2RXS J220703.5+343118',331.76494,34.52185,3.4087e-12,b'J220703.45+343117.9',6.155,6.074,6.214,6.008,1.7300099,1,b'J220703.6+343118',767789442.0,6.425,6.212,6.212,1900396893880488448,118.734,62.893,7
b'2RXS J175524.6+361122',268.8529,36.1896,4.213e-11,b'J175524.58+361119.8',5.691,5.515,5.598,5.519,2.976777,1,b'J175524.7+361122',615874816.0,6.167,5.747,5.627,4608207472875081728,-135.651,-19.973,7
b'2RXS J143412.0+323205',218.55002,32.53476,1.0561e-12,b'J143411.76+323204.1',5.259,5.048,5.24,5.189,3.183833,1,b'J143412.1+323206',880901631.0,5.46,5.287,5.222,1287069276180079616,105.919,6.547,6
b'2RXS J113352.7+361329',173.46994,36.22494,1.798e-12,b'J113352.62+361330.4',8.577,8.597,8.465,9.03,2.0321143,1,b'J113352.8+361331',207097136.0,9.512,8.891,8.705,759879770220898816,-142.006,-51.035,11
b'2RXS J022609.5+342813',36.53963,34.47038,1.7966e-12,b'J022609.68+342809.5',6.232,6.177,6.251,6.236,4.3861403,1,b'J022609.3+342817',1311449787.0,6.707,6.322,6.231,326940160479255424,116.04,-50.808,7
b'2RXS J010801.2+320042',17.00516,32.01188,2.5942e-12,b'J010801.50+320043.4',5.21,5.052,5.257,5.142,3.4556108,1,b'J010801.5+320043',377883938.0,5.428,5.287,5.25,313476674954056064,202.472,-24.94,6
b'2RXS J001821.2+305723',4.58849,30.95661,5.1666e-11,b'J001821.01+305720.3',6.369,6.249,6.309,6.216,4.5050306,1,b'J001821.2+305723',137907646.0,7.015,6.507,6.387,2860839988873745920,141.454,-172.942,8
b'2RXS J232053.3+381100',350.2223,38.18345,3.6879e-12,b'J232053.38+381055.7',4.557,4.277,4.641,4.586,4.641667,1,b'J232053.3+381059',354943368.0,4.844,4.683,4.618,1916957325701168640,129.32,-60.049,5
b'2RXS J230023.8+410731',345.09922,41.12529,1.5385e-11,b'J230023.80+410727.9',5.867,5.944,6.327,6.258,3.0663385,1,b'J230023.8+410731',1185578778.0,7.013,6.576,6.506,1930969879844236032,-29.14,-131.676,8
b'2RXS J134327.8+391132',205.86595,39.19239,8.3271e-13,b'J134328.11+391132.9',9.183,9.193,9.122,9.027,3.310509,1,b'J134327.7+391131',215892853.0,9.816,9.455,9.299,1496733980249717760,-115.791,-13.472,11
b'2RXS J125834.5+381645',194.64409,38.2792,5.2147e-12,b'J125834.88+381648.0',6.806,6.793,6.794,6.645,4.5596905,1,b'J125834.7+381642',211965496.0,7.533,6.996,6.881,1523644974015457792,-129.094,-42.276,8
b'2RXS J144351.3+474302',220.96378,47.71738,2.8864e-12,b'J144351.24+474301.7',7.532,7.586,7.58,7.49,1.0865998,1,b'J144351.3+474303',257997340.0,7.938,7.616,7.899,1591057646822107904,15.291,-111.305,8
b'2RXS J122804.2+444737',187.01776,44.79365,1.5117e-12,b'J122804.26+444739.3',6.053,6.012,6.146,6.113,2.1708217,1,b'J122804.2+444736',614031631.0,6.404,6.176,6.117,1541667928099786752,-181.811,-4.486,7
b'2RXS J093255.6+433205',143.23202,43.53478,1.1835e-12,b'J093255.94+433205.6',9.177,9.196,9.086,8.183,2.8786626,1,b'J093255.6+433205',239732370.0,9.932,9.41,9.255,814930496357360000,198.739,-62.853,11
b'2RXS J091900.7+461059',139.75312,46.18311,1.2242e-12,b'J091900.73+461055.3',7.781,7.721,7.633,7.48,3.864831,1,b'J091901.0+461059',234938969.0,8.757,8.099,7.865,819071050989217792,-152.339,-19.815,11
b'2RXS J081717.8+455559',124.32458,45.93331,1.3979e-12,b'J081717.83+455600.9',9.141,9.124,9.009,8.694,1.254526,1,b'J081716.9+455607',813213075.0,9.902,9.387,9.221,928834059839222784,-2.813,-166.591,11
b'2RXS J185447.1+485132',283.69635,48.85896,2.7258e-12,b'J185447.07+485132.5',4.69,4.393,4.7,4.635,0.5331529,1,b'J185447.1+485133',321339562.0,4.909,4.723,4.666,2131831515863100160,-49.377,-133.951,5
b'2RXS J064347.0+500843',100.94613,50.14538,8.8056e-13,b'J064346.70+500841.5',6.294,6.286,6.311,6.174,3.9754739,1,b'',480361804.0,6.871,6.457,6.37,991285048986974720,-25.142,-111.863,8
b'2RXS J184249.7+575157',280.70731,57.86595,4.6923e-12,b'J184249.63+575154.4',6.414,6.282,6.252,6.31,3.1092234,1,b'J184249.8+575157',1054630462.0,6.705,6.462,6.379,2154120403264656384,125.291,14.422,7
b'2RXS J175554.9+560206',268.9791,56.03507,3.168e-12,b'J175555.39+560208.3',6.873,6.835,6.833,6.81,4.032906,1,b'J175555.2+560205',686441171.0,7.349,7.004,6.901,1418299493647914496,36.813,123.007,8
b'2RXS J174251.2+584105',265.71347,58.68485,1.5226e-12,b'J174251.78+584105.3',6.429,6.404,6.423,6.34,4.3149996,1,b'J174251.1+584105',620592170.0,6.917,6.554,6.475,1422556630872324608,68.951,-112.398,8
b'2RXS J132545.6+565813',201.44032,56.97048,2.4007e-12,b'J132545.26+565814.0',5.374,5.256,5.423,5.351,3.4132228,1,b'J132545.5+565815',615169974.0,5.812,5.481,5.411,1565867457472631808,-217.48,11.261,7
b'2RXS J124144.8+554328',190.43669,55.72449,9.8692e-13,b'J124144.69+554328.8',5.913,5.865,5.969,5.841,1.1513926,1,b'J124144.8+554327',543687531.0,6.569,6.113,6.003,1571411229462195712,122.791,-5.021,7
b'2RXS J103142.7+570659',157.92818,57.11648,3.6019e-13,b'J103143.13+570658.9',6.144,5.995,6.079,5.984,3.068179,1,b'J103143.0+570659',1020188576.0,6.978,6.356,6.174,854769857080593152,-67.123,172.666,8
b'2RXS J091912.0+582405',139.80011,58.40161,4.3886e-13,b'J091911.73+582408.9',7.306,7.376,7.381,7.19,3.873899,1,b'J091912.1+582404',562089535.0,7.712,7.481,7.399,1038148055628992512,-162.743,-130.173,8
b'2RXS J201134.7+620441',302.89494,62.07833,6.4343e-12,b'J201135.08+620443.5',4.418,4.019,4.486,4.427,2.5813308,1,b'J201134.7+620442',695880808.0,5.009,4.678,4.465,2243923255981251584,127.566,76.501,5
b'2RXS J185713.2+640623',284.30504,64.10639,2.2841e-12,b'J185713.37+640621.6',6.85,6.886,6.863,6.827,1.70453,1,b'J185713.2+640623',688886635.0,7.565,7.075,6.963,2253522507887844352,110.402,12.169,9
b'2RXS J143900.3+641730',219.75154,64.29194,1.341e-11,b'J143859.99+641729.9',5.919,5.807,5.87,5.798,2.6646507,1,b'J143859.9+641731',615664754.0,6.315,6.012,5.914,1668690623807090688,-137.095,-26.941,7
b'2RXS J110322.0+613916',165.84196,61.65445,1.0406e-12,b'J110321.69+613914.7',5.789,5.707,5.812,5.697,2.9874327,1,b'J110322.3+613917',544143434.0,6.11,5.886,5.819,861857240313999232,-116.771,-66.704,6
b'2RXS J183925.7+690306',279.85716,69.05191,2.7972e-12,b'J183925.70+690305.7',7.483,7.474,7.373,7.253,1.1545727,1,b'J183925.6+690307',678106825.0,8.533,7.881,7.676,2259246427983112192,-0.682,202.33,10
b'2RXS J173955.7+650007',264.98218,65.002,1.0455e-12,b'J173955.66+650007.0',6.183,6.131,6.185,6.149,0.3910221,1,b'J173955.8+650007',663510944.0,6.767,6.302,6.19,1440964620185061376,-21.714,106.786,8
b'2RXS J091255.4+692155',138.23102,69.36545,2.2634e-12,b'J091254.97+692151.8',8.337,8.353,8.278,8.65,4.520973,1,b'J091255.9+692155',663122895.0,9.119,8.531,8.418,1117595948353060992,20.244,-108.423,10
b'2RXS J192636.1+784005',291.65046,78.66826,5.9408e-12,b'J192635.36+784007.6',7.651,7.7,7.641,7.59,2.9066012,1,b'J192636.0+784005',693915799.0,8.384,7.92,7.813,2294604591628552960,42.389,136.192,9
b'2RXS J180004.1+800002',270.01741,80.00057,2.6e-12,b'J180003.81+800004.7',4.585,4.38,4.781,4.609,2.8178308,1,b'J180004.5+800000',717301490.0,5.069,4.893,4.807,2294405717462880000,47.965,132.1,5
b'2RXS J044601.5+763641',71.50647,76.61161,3.0784e-11,b'J044600.78+763638.4',5.287,5.116,5.263,4.984,4.314033,1,b'J044601.3+763641',566634696.0,5.535,5.332,5.284,551998714532433920,75.594,-135.35,6
b'2RXS J015604.7+805432',29.01959,80.90894,3.3411e-11,b'J015603.44+805429.7',4.124,3.921,4.063,3.987,3.8343935,1,b'J015604.5+805432',1166806831.0,4.998,4.42,4.166,562938786507488256,110.992,-79.725,6
b'2RXS J124402.6+852654',191.01099,85.44834,4.0205e-12,b'J124400.86+852657.0',7.203,7.267,7.255,7.299,3.6712823,1,b'J124402.9+852653',583726039.0,7.647,7.356,7.3,1726890145086452992,-128.721,41.276,8
b'2RXS J074953.7+862150',117.47393,86.36398,4.2139e-12,b'J074952.74+862153.6',6.457,6.406,6.446,6.421,3.4491765,1,b'J074954.2+862151',578503188.0,6.781,6.561,6.481,1151854291133153280,-68.476,-136.337,7
b'2RXS J064120.0+821603',100.33353,82.26755,1.1231e-11,b'J064119.25+821600.8',7.278,7.34,7.289,7.162,2.820032,1,b'J064120.3+821603',1163114513.0,7.872,7.506,7.376,1143477008961911552,43.472,-151.207,9
b'2RXS J202701.1-174732',306.75474,-17.79236,5.4504e-13,b'J202701.37-174729.7',6.928,6.949,6.947,6.904,4.3693495,1,b'',1274457541.0,7.545,7.117,7.005,6861110474679790592,16.885,-106.588,8
b'2RXS J220417.7+023620',331.07389,2.60566,3.211e-12,b'J220417.70+023621.7',6.633,6.67,6.678,6.564,1.4243776,1,b'J220417.6+023619',1097704501.0,7.392,6.85,6.684,2683284082351171584,144.63,31.933,8
b'2RXS J044418.5+032544',71.07718,3.42916,1.1195e-12,b'J044418.39+032548.7',8.47,8.52,8.519,8.286,4.2597947,1,b'',786409278.0,9.07,8.59,8.516,3281042959000152064,-17.611,-103.756,10
